5000 -3393656774.44
10000 -3381703633.61
15000 -3353871025.83
20000 -3376682041.47
25000 -3186326221.82
30000 -3148039783.93
35000 -3085599780.06
40000 -3023181093.47
45000 -2908197621.51
50000 -2784590326.16
55000 -2771228408.88
60000 -2604470124.63
65000 -2610787052.75
70000 -2461800909.17
75000 -2298646618.2
80000 -2320632795.52
85000 -2157743945.38
90000 -2167210731.0
95000 -2040490069.78
100000 -1972732257.37
105000 -1915335413.75
110000 -1871158930.05
115000 -1816248994.01
120000 -1786968472.96
125000 -1713348122.22
130000 -1713964471.15
135000 -1658353408.49
140000 -1633876785.68
145000 -1593307932.92
150000 -1584287309.65
155000 -1595546263.14
160000 -1541878626.17
165000 -1544298851.84
170000 -1555576704.81
175000 -1529852033.91
180000 -1543677671.75
185000 -1535885196.32
190000 -1519283743.77
195000 -1529296678.25
200000 -1493088236.11
