5000 -2767573621.37
10000 -2577158470.62
15000 -2257104638.18
20000 -2087425421.84
25000 -1872876047.81
30000 -1756385856.89
35000 -1612405652.82
40000 -1581175530.9
45000 -1553033911.34
50000 -1506819483.57
55000 -1499926378.18
60000 -1470395192.41
65000 -1457942427.05
70000 -1466144670.38
75000 -1459070527.2
80000 -1470601467.65
85000 -1464898712.64
90000 -1461436054.87
95000 -1455090616.57
100000 -1451445710.28
105000 -1446185390.28
110000 -1445509830.48
115000 -1443908729.26
120000 -1441124779.86
125000 -1441044458.83
130000 -1440303334.08
135000 -1440119206.44
140000 -1442630931.19
145000 -1441081177.81
150000 -1443952176.16
155000 -1439206935.2
160000 -1442353451.43
165000 -1444885808.69
170000 -1442414208.27
175000 -1436911890.56
180000 -1437996726.06
185000 -1436532424.63
190000 -1437041107.93
195000 -1436698508.0
200000 -1438293311.9
