5000 -3393656774.44
10000 -3403897416.93
15000 -3406833160.63
20000 -3427319519.95
25000 -3307241630.22
30000 -3284803204.28
35000 -3209465994.97
40000 -3134079370.87
45000 -3207227806.27
50000 -3080851445.51
55000 -3032522098.68
60000 -3065507271.62
65000 -3069119700.65
70000 -2936971455.94
75000 -2884954678.88
80000 -2910784113.94
85000 -2662937211.41
90000 -2653859136.81
95000 -2688478990.19
100000 -2528188897.96
105000 -2489977926.18
110000 -2505175507.45
115000 -2407169453.51
120000 -2331986387.32
125000 -2338036120.27
130000 -2314761511.69
135000 -2215116891.97
140000 -2222153094.29
145000 -2137335078.92
150000 -2068945967.37
155000 -2106047869.78
160000 -2046062752.12
165000 -1963893129.08
170000 -1958590944.01
175000 -1942552505.86
180000 -1958993696.3
185000 -1852409243.85
190000 -1845371977.25
195000 -1901582475.51
200000 -1789504927.66

